(-2.72, 10.25, 0.60)
(-0.10, 8.16, 2.00)
(-3.99, 9.37, 3.20)
(-2.37, 9.53, 4.40)
(-2.17, 8.19, 5.60)
(-2.27, 8.18, 6.60)
(-2.27, 8.18, 7.60)
(-2.11, 8.07, 8.80)
(0.17, 6.86, 9.80)
(-0.69, 7.82, 11.00)
(0.64, 10.27, 12.00)
(6.86, 6.67, 13.00)
(3.36, 6.54, 14.20)
(4.98, 6.83, 15.20)
(7.00, 5.10, 16.40)
(2.79, 3.91, 17.40)
(1.81, 3.91, 18.60)
(1.40, 3.97, 19.60)
(-2.69, 7.04, 20.60)
(-2.31, 8.78, 21.80)
(-2.12, 8.78, 23.20)
(-2.12, 8.78, 24.20)
(-1.65, 8.54, 25.20)
(6.99, 4.96, 26.20)
(6.99, 4.93, 27.20)
(6.99, 4.93, 28.40)
(6.99, 4.95, 29.40)
(6.99, 4.98, 30.80)
(7.00, 5.41, 31.80)
(5.58, 4.36, 32.80)
(-2.02, 3.80, 33.80)
(-2.04, 4.68, 34.80)
(-3.03, 6.51, 36.00)
(-3.48, 8.06, 37.00)
(-3.49, 8.46, 38.00)
(-3.18, 9.12, 39.20)
(-2.52, 9.95, 40.20)
(-1.84, 10.55, 41.20)
(-0.50, 11.25, 42.40)
(1.77, 12.05, 43.40)
(4.01, 11.04, 44.40)
(4.60, 10.58, 45.80)
(5.49, 9.65, 47.00)
(6.28, 8.39, 48.00)
(6.83, 6.85, 49.20)
(6.97, 5.91, 50.20)
(6.96, 6.04, 51.20)
(6.91, 6.40, 52.40)
(6.89, 6.54, 53.60)
(1.91, 5.13, 54.80)
(0.60, 5.00, 55.80)
(-0.15, 5.22, 56.80)
(-0.70, 6.54, 58.00)
(1.15, 6.81, 59.00)
(2.16, 5.19, 60.00)
(2.37, 4.82, 61.00)
(5.30, 6.81, 62.20)
(6.32, 8.30, 63.20)
(6.49, 7.93, 64.40)
(6.79, 7.01, 65.60)
(6.94, 4.38, 66.60)
(6.73, 3.36, 67.80)
(6.68, 3.19, 68.80)
(6.69, 3.25, 69.80)
(4.76, 4.13, 70.80)
(2.81, 4.92, 72.00)
(0.97, 5.50, 73.00)
(2.06, 5.59, 74.00)
(7.00, 5.05, 75.20)
(6.96, 4.56, 76.40)
(6.90, 4.14, 77.40)
(6.84, 3.81, 78.60)
(6.84, 3.81, 79.60)
(6.87, 3.96, 80.80)
(-0.82, 5.24, 81.80)
(-6.52, 5.48, 82.80)
(-6.50, 5.50, 84.00)
(6.17, 5.83, 85.20)
(7.00, 5.40, 86.40)
(7.00, 5.39, 87.40)
(7.00, 5.39, 88.60)
(0.47, 6.51, 89.80)
(-3.89, 6.51, 91.00)
(-3.89, 6.51, 92.00)
(2.02, 6.70, 93.20)
(6.99, 5.56, 94.40)
(7.00, 5.42, 95.40)
(7.00, 5.30, 96.60)
(7.00, 5.21, 97.60)
(6.99, 4.87, 98.60)
(6.78, 3.55, 99.80)
(6.29, 2.23, 101.00)
(4.15, 0.70, 102.00)
(-2.76, 2.07, 103.40)
(-5.92, 2.96, 104.40)
(-6.05, 3.16, 105.60)
(-6.05, 3.57, 106.60)
(2.31, 4.68, 108.00)
(6.93, 4.31, 109.00)
(6.93, 4.32, 110.20)
(6.93, 4.32, 111.20)
(6.93, 4.32, 112.20)
(6.93, 4.32, 113.60)
(6.94, 4.35, 114.80)
(6.93, 4.28, 116.00)
(6.65, 4.17, 117.20)
(6.65, 4.17, 118.20)
(6.65, 4.17, 119.20)
(6.65, 4.17, 120.40)
(4.83, 4.55, 121.40)
(2.76, 4.71, 122.40)
(2.76, 4.71, 123.60)
(5.25, 4.87, 124.60)
(7.00, 5.21, 125.80)
(7.00, 5.21, 127.00)
(7.00, 5.28, 128.00)
(7.00, 5.14, 129.20)
(7.00, 5.14, 130.40)
(6.55, 5.30, 131.40)
(-3.41, 5.96, 132.60)
(-3.61, 5.96, 133.60)
(6.99, 5.70, 134.80)
(6.97, 5.97, 135.80)
(6.94, 6.18, 137.00)
(-6.50, 7.89, 138.00)
(-6.26, 8.44, 139.00)
(-4.34, 10.79, 140.00)
(6.64, 7.51, 141.20)
(6.70, 7.33, 142.20)
(6.70, 7.33, 143.40)
(6.66, 7.47, 144.60)
(-6.43, 8.06, 145.60)
(-6.53, 7.82, 146.80)
(-6.52, 7.85, 148.00)
(6.77, 7.07, 149.20)
(6.78, 7.04, 150.20)
(6.79, 7.00, 151.20)
(6.78, 7.03, 152.40)
(6.77, 7.08, 153.60)
(6.77, 7.09, 154.80)
(6.77, 7.09, 155.80)
(6.80, 6.96, 156.80)
(6.90, 6.45, 157.80)
(6.95, 6.11, 159.00)
(6.95, 6.11, 160.00)
(6.95, 6.11, 161.20)
(6.80, 6.97, 162.40)
(6.82, 6.86, 163.60)
(6.83, 6.85, 164.60)
(6.81, 6.92, 165.60)
(6.61, 7.61, 166.80)
(6.48, 7.96, 168.00)
(5.85, 7.90, 169.00)
(5.78, 7.87, 170.20)
(5.22, 7.71, 171.20)
(3.31, 7.18, 172.40)
(3.11, 7.12, 173.60)
(3.08, 7.12, 174.60)
(6.87, 6.62, 175.60)
(6.93, 6.30, 176.80)
(6.94, 6.20, 177.80)
(6.94, 6.20, 179.00)
(6.93, 6.26, 180.00)
(6.93, 6.27, 181.20)
(6.93, 6.27, 182.40)
(6.94, 6.18, 183.60)
(6.70, 6.07, 184.60)
(5.92, 5.90, 185.60)
(5.32, 5.77, 186.80)
(4.51, 5.58, 187.80)
(4.65, 5.58, 189.00)
(6.99, 5.68, 190.20)
(7.00, 5.51, 191.20)
(7.00, 5.50, 192.20)
(4.43, 5.24, 193.40)
(-6.97, 4.64, 194.60)
(-6.97, 4.64, 195.60)
(-5.37, 5.38, 196.80)
(7.00, 5.42, 197.80)
(7.00, 5.28, 198.80)
(7.00, 5.26, 200.00)
(6.95, 4.46, 201.00)
(-6.94, 6.20, 202.00)
(-5.88, 9.10, 203.40)
(1.05, 12.22, 204.60)
(4.51, 5.96, 205.60)
(-6.80, 6.97, 206.80)
(-5.14, 10.05, 207.80)
(3.74, 9.44, 208.80)
(-3.38, 6.23, 210.00)
(-0.27, 8.78, 211.00)
(1.60, 5.48, 212.20)
(-1.57, 6.15, 213.20)
(5.48, 5.02, 214.20)
(0.84, 5.79, 215.40)
(6.74, 7.18, 216.60)
(6.85, 6.75, 217.80)
(6.85, 6.74, 219.00)
(6.85, 6.73, 220.00)
(6.03, 7.68, 221.00)
(-6.93, 6.28, 222.00)
(-6.85, 6.73, 223.20)
(-6.82, 6.88, 224.20)
(6.95, 6.16, 225.40)
(6.96, 6.01, 226.40)
(6.96, 6.01, 227.40)
(6.93, 6.32, 228.60)
(-6.99, 5.70, 229.80)
(-6.99, 5.65, 230.80)
(-6.96, 6.04, 231.80)
(1.44, 7.47, 232.80)
(6.97, 5.90, 234.00)
(6.99, 5.71, 235.00)
(6.98, 5.81, 236.00)
(-2.52, 7.79, 237.00)
(-5.80, 9.22, 238.20)
(-4.31, 10.82, 239.40)
(-1.97, 7.34, 240.60)
(-6.58, 7.68, 241.60)
(-4.20, 10.35, 242.80)
(-2.32, 7.44, 243.80)
(-2.62, 7.26, 245.00)
(-2.62, 7.26, 247.00)
