(0.00, 5.30, -2.80)
(0.00, 5.30, -2.60)
(1.20, 10.15, 0.60)
(4.56, 7.36, 1.60)
(4.56, 7.36, 2.20)
(4.56, 7.36, 2.20)
(4.56, 7.36, 2.40)
(4.56, 7.36, 2.80)
(4.56, 7.36, 3.00)
(4.56, 7.36, 3.40)
(4.56, 7.36, 3.60)
(4.56, 7.36, 3.80)
(4.56, 7.31, 4.40)
(4.56, 7.31, 5.00)
(4.56, 7.31, 5.20)
(4.56, 7.31, 5.40)
(4.56, 7.26, 5.60)
(4.67, 7.09, 5.80)
(4.72, 6.94, 6.20)
(4.82, 6.63, 6.40)
(4.82, 6.48, 6.60)
(4.82, 6.43, 6.80)
(4.87, 6.28, 7.00)
(4.87, 6.28, 7.00)
(4.87, 6.28, 7.20)
(4.87, 6.28, 7.40)
(4.87, 6.28, 7.60)
(4.87, 6.43, 7.80)
(4.72, 6.83, 8.00)
(4.52, 7.28, 8.20)
(4.07, 7.93, 8.60)
(4.02, 8.08, 8.80)
(3.92, 8.28, 9.00)
(3.92, 8.28, 9.20)
(3.92, 8.28, 9.20)
(3.92, 8.28, 9.40)
(3.62, 8.03, 9.60)
(3.42, 7.88, 9.80)
(2.47, 7.38, 10.20)
(0.37, 6.88, 10.40)
(-0.43, 6.78, 10.60)
(-1.08, 6.68, 10.80)
(-2.43, 6.58, 11.00)
(-2.78, 6.58, 11.20)
(-2.78, 6.58, 11.40)
(-2.78, 6.58, 11.60)
(-2.78, 6.58, 11.60)
(-2.83, 6.63, 11.80)
(-2.98, 6.88, 12.00)
(-3.33, 7.23, 12.40)
(-3.48, 7.33, 12.40)
(-3.48, 7.38, 12.60)
(-3.53, 7.38, 12.80)
(-3.53, 7.38, 13.00)
(-3.63, 7.43, 13.20)
(-3.63, 7.43, 13.40)
(-3.63, 7.43, 13.80)
(-3.63, 7.43, 14.00)
(-3.63, 7.43, 14.60)
(-3.13, 6.88, 14.80)
(-2.73, 6.58, 15.00)
(-2.33, 6.18, 15.20)
(-2.08, 5.93, 15.40)
(-2.03, 5.73, 15.40)
(-1.93, 5.28, 15.60)
(-1.93, 5.03, 15.80)
(-2.08, 4.33, 16.00)
(-2.18, 4.13, 16.20)
(-2.33, 3.78, 16.40)
(-2.43, 3.68, 16.80)
(-2.48, 3.63, 17.00)
(-2.53, 3.63, 17.20)
(-2.58, 3.63, 17.20)
(-2.63, 3.68, 17.40)
(-2.63, 4.13, 17.80)
(-2.43, 5.43, 18.20)
(-2.03, 5.98, 18.40)
(-1.58, 6.33, 18.60)
(-0.88, 6.53, 18.80)
(-0.13, 6.53, 19.20)
(0.27, 6.43, 19.40)
(0.37, 6.28, 20.00)
(0.37, 6.13, 20.40)
(0.37, 6.13, 20.60)
(0.37, 6.13, 20.80)
(0.37, 6.13, 21.20)
(0.37, 6.13, 21.40)
(0.37, 6.13, 21.60)
(0.37, 6.13, 21.80)
(0.57, 6.23, 22.20)
(0.57, 6.23, 22.40)
(0.77, 5.78, 22.60)
(0.92, 5.03, 22.80)
(1.02, 4.23, 23.00)
(0.97, 2.38, 23.20)
(0.82, 1.73, 23.40)
(0.62, 1.58, 23.80)
(0.62, 1.53, 23.80)
(0.62, 1.53, 24.00)
(0.62, 1.53, 24.20)
(0.62, 1.53, 24.40)
(0.57, 1.58, 24.60)
(0.52, 1.73, 24.80)
(0.42, 1.88, 25.00)
(0.37, 2.08, 25.20)
(0.22, 2.33, 25.60)
(0.07, 2.53, 25.80)
(-0.23, 2.83, 26.00)
(-0.63, 3.13, 26.20)
(-1.58, 3.73, 26.40)
(-2.53, 4.43, 26.60)
(-3.78, 5.43, 26.80)
(-4.84, 6.56, 27.00)
(-4.59, 7.29, 27.20)
(-4.34, 7.79, 27.40)
(-4.09, 8.04, 27.80)
(-3.49, 8.04, 28.20)
(-2.74, 7.59, 28.60)
(-2.39, 7.19, 28.60)
(-2.14, 6.99, 28.80)
(-1.79, 6.34, 29.20)
(-1.64, 5.89, 29.40)
(-1.54, 5.74, 29.60)
(-1.09, 5.39, 29.80)
(-0.19, 5.39, 30.20)
(3.56, 6.59, 30.60)
(4.78, 6.75, 31.00)
(4.79, 6.74, 31.40)
(4.79, 6.74, 31.60)
(4.49, 6.59, 32.00)
(4.34, 6.54, 32.20)
(4.34, 6.54, 32.40)
(4.34, 6.54, 32.60)
(4.34, 6.54, 32.80)
(4.24, 6.54, 33.00)
(4.04, 6.44, 33.20)
(3.69, 6.14, 33.40)
(3.59, 6.04, 33.60)
(2.34, 4.59, 34.00)
(1.49, 3.69, 34.20)
(-0.06, 2.64, 34.40)
(-1.16, 2.34, 34.60)
(-2.36, 2.39, 34.80)
(-3.51, 3.04, 35.00)
(-4.46, 4.09, 35.20)
(-4.99, 5.66, 35.40)
(-4.70, 7.02, 35.60)
(-4.33, 7.80, 35.80)
(-3.97, 8.35, 36.00)
(-3.52, 8.60, 36.20)
(-2.97, 8.50, 36.40)
(-2.62, 8.25, 36.60)
(-2.17, 7.70, 36.80)
(-1.27, 6.25, 37.00)
(-0.67, 5.15, 37.20)
(-0.02, 3.80, 37.40)
(0.48, 2.80, 37.60)
(0.68, 2.45, 37.80)
(0.83, 2.30, 38.00)
(1.03, 2.25, 38.40)
(1.33, 2.45, 38.40)
(1.58, 2.70, 38.60)
(2.53, 3.85, 38.80)
(3.08, 4.55, 39.00)
(3.98, 6.05, 39.20)
(4.38, 7.10, 39.40)
(4.43, 7.60, 39.60)
(4.29, 7.87, 39.80)
(4.29, 7.87, 40.00)
(4.24, 7.67, 40.20)
(3.94, 7.02, 40.40)
(3.54, 5.97, 40.60)
(3.04, 4.72, 40.80)
(2.44, 3.62, 41.00)
(1.89, 2.92, 41.20)
(1.74, 2.82, 41.40)
(1.69, 2.82, 41.80)
(1.59, 3.17, 41.80)
(1.09, 4.17, 42.20)
(0.39, 5.22, 42.40)
(-0.26, 6.02, 42.60)
(-0.96, 6.72, 42.80)
(-1.51, 7.37, 43.00)
(-1.61, 7.67, 43.20)
(-1.66, 7.92, 43.40)
(-1.66, 8.12, 43.60)
(-1.66, 8.12, 44.00)
(-1.66, 8.12, 44.20)
(-1.66, 8.12, 44.40)
(-1.66, 8.12, 44.60)
(-1.66, 8.12, 44.60)
(-1.66, 8.12, 44.80)
(-1.41, 7.57, 45.20)
(-0.91, 6.47, 45.40)
(-0.11, 4.82, 45.60)
(0.34, 4.12, 46.00)
(0.84, 3.67, 46.20)
(1.14, 3.62, 46.60)
(1.04, 4.22, 47.20)
(0.69, 4.97, 47.60)
(0.29, 5.52, 47.80)
(0.04, 5.92, 48.00)
(-0.11, 6.22, 48.20)
(-0.16, 6.32, 48.40)
(-0.16, 6.32, 48.60)
(-0.16, 6.32, 48.80)
(-0.61, 5.52, 49.20)
(-1.61, 3.52, 49.40)
(-2.41, 2.12, 49.80)
(-3.11, 1.39, 50.00)
(-3.55, 1.78, 50.40)
(-3.77, 2.02, 50.60)
(-3.98, 2.27, 50.80)
(-4.26, 2.68, 51.00)
(-4.46, 3.73, 51.20)
(-4.61, 4.93, 51.20)
(-4.71, 6.98, 51.80)
(-4.46, 7.55, 51.80)
(-4.19, 8.02, 52.00)
(-3.62, 8.75, 52.40)
(-3.22, 9.10, 52.40)
(-1.67, 9.55, 52.80)
(-1.37, 9.50, 53.00)
(-0.42, 8.70, 53.20)
(0.88, 6.80, 53.40)
(2.33, 4.85, 53.60)
(3.18, 4.00, 53.80)
(4.49, 3.09, 54.00)
(4.59, 3.32, 54.40)
(4.69, 3.56, 54.40)
(4.85, 4.10, 54.60)
(5.00, 5.11, 54.80)
(4.97, 5.87, 55.00)
(4.45, 7.58, 55.20)
(4.00, 8.30, 55.40)
(3.76, 8.59, 55.40)
(3.43, 8.94, 55.60)
(3.12, 9.21, 55.80)
(2.93, 9.35, 56.00)
(2.64, 9.54, 56.40)
(2.62, 9.56, 56.40)
(2.50, 9.63, 56.80)
(2.40, 9.68, 56.80)
(2.30, 9.73, 57.00)
(2.30, 9.73, 57.20)
(2.30, 9.73, 57.40)
(2.30, 9.73, 57.60)
(2.30, 9.73, 57.60)
(2.30, 9.73, 57.80)
(2.30, 9.73, 58.00)
(2.30, 9.73, 58.20)
(2.30, 9.73, 58.40)
(2.30, 9.73, 58.60)
(2.00, 9.08, 59.00)
(1.50, 7.73, 59.00)
(1.05, 6.48, 59.20)
(0.70, 5.28, 59.40)
(0.35, 4.38, 59.60)
(0.20, 3.98, 59.80)
(0.20, 3.98, 60.00)
(0.20, 3.98, 60.20)
(0.20, 3.98, 60.40)
(0.20, 3.98, 60.60)
(0.25, 4.58, 60.80)
(0.30, 5.28, 61.20)
(0.35, 6.18, 61.40)
(0.40, 6.68, 61.60)
(0.40, 7.38, 62.00)
(0.40, 7.53, 62.20)
(0.40, 7.53, 62.40)
(0.40, 7.53, 62.40)
(0.25, 7.43, 62.60)
(-1.95, 6.03, 63.00)
(-4.99, 4.95, 63.20)
(-4.98, 4.91, 63.40)
(-5.00, 5.11, 63.60)
(-4.87, 6.41, 63.80)
(-4.55, 7.38, 64.00)
(-4.21, 7.99, 64.20)
(-3.28, 9.08, 64.40)
(-2.86, 9.40, 64.60)
(-2.37, 9.70, 64.80)
(-2.05, 9.86, 65.00)
(-1.95, 9.90, 65.20)
(-1.95, 9.90, 65.80)
(-1.85, 9.80, 66.40)
(-1.65, 9.35, 66.40)
(-0.45, 7.20, 66.80)
(0.25, 6.15, 67.00)
(1.10, 5.00, 67.20)
(2.90, 3.10, 67.40)
(3.96, 2.25, 67.60)
(4.02, 2.33, 67.80)
(4.05, 2.37, 68.00)
(4.08, 2.40, 68.40)
(4.08, 2.40, 68.40)
(4.34, 2.82, 69.00)
(4.56, 3.26, 69.20)
(4.88, 4.20, 69.40)
(5.00, 5.30, 69.60)
(4.89, 6.34, 69.80)
(4.61, 7.24, 70.00)
(4.35, 7.76, 70.20)
(3.89, 8.44, 70.40)
(3.58, 8.79, 70.60)
(3.36, 9.00, 70.80)
(3.28, 9.07, 71.00)
(3.26, 9.09, 71.20)
(3.21, 9.09, 71.20)
(2.91, 8.69, 71.60)
(2.01, 7.34, 71.80)
(0.86, 5.69, 72.20)
(-0.79, 3.64, 72.40)
(-1.39, 3.04, 72.40)
(-2.09, 2.54, 72.60)
(-2.54, 2.49, 72.80)
(-2.74, 2.49, 73.00)
(-3.09, 2.99, 73.20)
(-3.54, 3.99, 73.40)
(-4.19, 5.29, 73.60)
(-4.54, 7.40, 74.00)
(-4.41, 7.66, 74.00)
(-4.28, 7.88, 74.20)
(-4.05, 8.24, 74.40)
(-3.90, 8.42, 74.40)
(-3.55, 8.83, 74.80)
(-3.29, 9.06, 75.00)
(-3.09, 9.21, 75.20)
(-2.99, 9.31, 75.40)
(-2.89, 9.31, 75.40)
(-2.89, 9.31, 75.60)
(-2.29, 8.56, 76.00)
(-1.39, 6.96, 76.40)
(-0.49, 5.36, 76.60)
(0.91, 3.16, 76.80)
(2.41, 1.31, 77.00)
(2.95, 1.26, 77.20)
(3.28, 1.53, 77.40)
(3.64, 1.87, 77.60)
(4.54, 3.67, 78.00)
(4.97, 4.78, 78.20)
(4.95, 6.00, 78.40)
(4.69, 7.02, 78.60)
(4.41, 7.65, 78.80)
(4.03, 8.25, 79.20)
(3.77, 8.58, 79.40)
(3.51, 8.86, 79.60)
(3.44, 8.93, 79.80)
(3.44, 8.93, 80.00)
(3.19, 8.48, 80.40)
(2.74, 7.53, 80.60)
(1.84, 6.03, 80.80)
(0.79, 4.58, 81.00)
(-0.96, 2.98, 81.40)
(-1.86, 2.68, 81.60)
(-2.71, 3.13, 81.80)
(-3.16, 3.88, 82.20)
(-4.16, 5.88, 82.40)
(-4.46, 6.93, 82.60)
(-4.29, 7.87, 83.00)
(-4.05, 8.23, 83.20)
(-3.75, 8.60, 83.40)
(-3.61, 8.76, 83.60)
(-3.56, 8.76, 83.80)
(-3.56, 8.76, 84.00)
(-3.56, 8.76, 84.20)
(-3.21, 7.86, 84.40)
(-2.81, 6.81, 84.60)
(-2.16, 5.21, 84.80)
(-1.06, 3.31, 85.20)
(-0.21, 2.16, 85.20)
(0.24, 1.71, 85.40)
(0.49, 1.56, 85.60)
(0.54, 1.56, 86.00)
(0.64, 2.26, 86.20)
(0.79, 3.26, 86.40)
(0.84, 4.61, 86.60)
(0.79, 5.56, 86.80)
(0.54, 5.96, 87.00)
(0.34, 6.31, 87.20)
(0.24, 6.46, 87.40)
(0.19, 6.56, 87.60)
(0.19, 6.56, 87.80)
(0.19, 6.56, 87.80)
(0.19, 6.56, 88.20)
(0.19, 6.56, 88.40)
(0.19, 6.56, 88.60)
(0.19, 6.51, 88.80)
(0.14, 6.06, 89.00)
(0.14, 4.76, 89.40)
(0.19, 3.61, 89.40)
(0.39, 2.56, 89.60)
(0.49, 1.66, 90.00)
(0.64, 1.41, 90.20)
(0.64, 1.41, 90.40)
(0.69, 1.56, 90.60)
(0.74, 2.06, 90.80)
(0.84, 2.91, 91.00)
(0.84, 3.51, 91.20)
(0.84, 4.06, 91.40)
(0.84, 4.91, 91.60)
(0.84, 5.41, 91.80)
(0.84, 6.01, 92.20)
(0.84, 6.36, 92.40)
(0.84, 6.51, 92.60)
(0.84, 6.51, 92.80)
(0.84, 6.51, 93.00)
(0.84, 6.51, 93.20)
(0.84, 6.21, 93.40)
(0.84, 4.86, 93.60)
(0.79, 3.86, 93.80)
(0.94, 2.31, 94.20)
(1.09, 1.56, 94.20)
(1.19, 1.01, 94.40)
(1.24, 0.96, 94.60)
(1.29, 0.96, 95.00)
(1.49, 1.26, 95.20)
(1.69, 1.46, 95.40)
(1.74, 1.56, 95.40)
(1.74, 1.56, 95.80)
(1.84, 1.91, 96.00)
(1.94, 2.36, 96.20)
(1.94, 3.11, 96.40)
(1.89, 3.91, 96.60)
(1.79, 4.41, 96.60)
(1.49, 5.11, 97.00)
(1.34, 5.31, 97.20)
(1.04, 5.51, 97.20)
(0.54, 5.71, 97.40)
(-0.71, 5.91, 97.60)
(-2.21, 6.11, 97.80)
(-3.26, 6.26, 98.00)
(-4.41, 6.51, 98.20)
(-4.79, 6.73, 98.40)
(-4.74, 6.90, 98.40)
(-4.69, 7.00, 98.60)
(-3.74, 7.60, 98.80)
(-1.94, 8.25, 99.00)
(0.51, 8.85, 99.20)
(2.91, 9.30, 99.40)
(3.87, 8.47, 99.60)
(4.21, 7.99, 99.80)
(4.53, 7.42, 100.00)
(4.59, 7.29, 100.20)
(4.59, 7.24, 100.40)
(4.54, 7.09, 100.60)
(4.44, 6.94, 100.80)
(4.29, 6.89, 101.00)
(4.29, 6.84, 101.20)
(4.29, 6.84, 101.40)
(4.19, 6.84, 101.60)
(4.09, 6.79, 101.80)
(3.04, 6.64, 102.20)
(1.99, 6.54, 102.40)
(1.19, 6.39, 102.60)
(0.49, 5.99, 102.80)
(0.14, 5.59, 103.00)
(-0.16, 4.89, 103.20)
(-0.31, 4.29, 103.40)
(-0.31, 4.19, 103.60)
(-0.31, 4.19, 103.80)
(-0.31, 4.19, 104.00)
(-0.31, 4.19, 104.20)
(-0.31, 4.19, 104.40)
(-0.31, 4.19, 104.60)
(-0.31, 4.19, 104.60)
(-0.31, 4.19, 104.80)
(-0.31, 4.19, 105.00)
(-0.31, 4.19, 105.20)
(-0.31, 4.24, 105.40)
(-0.26, 4.24, 105.60)
(-0.26, 4.24, 105.80)
(-0.21, 4.34, 106.00)
(-0.16, 4.44, 106.20)
(-0.11, 4.59, 106.40)
(-0.11, 4.89, 106.60)
(-0.06, 5.39, 106.80)
(-0.06, 5.94, 107.00)
(-0.06, 6.24, 107.00)
(-0.06, 6.69, 107.20)
(-0.01, 6.89, 107.60)
(-0.01, 6.89, 107.60)
(-0.01, 6.89, 107.80)
(-0.06, 6.74, 108.00)
(-0.36, 5.79, 108.20)
(-0.96, 4.24, 108.40)
(-2.62, 1.04, 108.60)
(-2.78, 1.14, 109.00)
(-3.03, 1.32, 109.20)
(-3.20, 1.46, 109.20)
(-3.70, 2.71, 109.60)
(-4.20, 4.36, 109.60)
(-4.80, 6.16, 109.80)
(-4.55, 7.37, 110.00)
(-4.32, 7.82, 110.20)
(-3.93, 8.40, 110.40)
(-3.66, 8.70, 110.60)
(-3.21, 9.00, 110.80)
(-2.66, 9.15, 111.00)
(-2.01, 9.15, 111.20)
(-1.71, 8.95, 111.40)
(-1.61, 8.75, 111.60)
(-1.51, 8.55, 111.80)
(-1.46, 8.35, 112.00)
(-1.41, 8.20, 112.20)
(-1.41, 8.20, 112.40)
(-1.41, 8.20, 112.60)
(-1.41, 8.20, 112.80)
(-1.41, 8.20, 112.80)
(-1.41, 8.20, 113.00)
(-1.41, 8.20, 113.20)
(-1.41, 8.20, 113.40)
(-1.41, 8.20, 113.80)
(-1.41, 8.20, 114.00)
(-1.41, 8.20, 114.20)
(-1.41, 8.20, 114.40)
(-1.41, 8.20, 114.40)
(-1.41, 8.20, 114.80)
(-1.41, 8.20, 115.00)
(-1.41, 8.20, 115.20)
(-1.41, 8.20, 115.40)
(-1.41, 8.20, 115.60)
(-1.41, 8.20, 115.80)
(-1.26, 8.30, 116.00)
(-0.86, 7.90, 116.40)
(-0.21, 6.00, 116.60)
(0.39, 2.85, 116.80)
(1.08, 0.42, 117.00)
(1.44, 0.51, 117.20)
(1.74, 0.61, 117.40)
(1.94, 0.71, 117.60)
(2.39, 1.31, 117.80)
(3.04, 2.21, 118.00)
(3.84, 3.46, 118.20)
(4.74, 4.86, 118.40)
(4.93, 6.14, 118.60)
(4.81, 6.66, 118.80)
(4.76, 6.84, 119.00)
(4.73, 6.92, 119.20)
(4.73, 6.92, 119.80)
(4.73, 6.92, 120.20)
(4.73, 6.92, 120.40)
(4.73, 6.92, 120.80)
(4.73, 6.92, 121.00)
(4.73, 6.92, 121.00)
(4.73, 6.92, 121.40)
(4.73, 6.92, 121.60)
(4.73, 6.92, 121.80)
(4.73, 6.92, 122.20)
(4.73, 6.92, 122.40)
(4.73, 6.92, 122.60)
(4.73, 6.92, 122.80)
(4.73, 6.92, 123.00)
(4.73, 6.92, 123.20)
(4.73, 6.92, 123.40)
(4.73, 6.92, 123.60)
(4.73, 6.92, 123.60)
(4.73, 6.92, 123.80)
(4.73, 6.92, 124.00)
(4.53, 6.32, 124.20)
(4.18, 5.17, 124.40)
(3.83, 4.27, 124.80)
(3.53, 3.72, 125.00)
(3.33, 3.37, 125.00)
(2.93, 2.87, 125.20)
(2.78, 2.77, 125.40)
(2.78, 2.77, 125.60)
(2.78, 2.77, 125.60)
(2.83, 3.27, 125.80)
(3.08, 4.52, 126.00)
(3.58, 6.22, 126.40)
(4.08, 6.97, 126.40)
(4.28, 7.27, 126.60)
(4.46, 7.56, 126.80)
(4.44, 7.60, 127.00)
(4.44, 7.60, 127.00)
(4.44, 7.60, 127.20)
(4.44, 7.60, 127.60)
(4.44, 7.60, 127.60)
(4.44, 7.60, 127.80)
(4.44, 7.60, 128.20)
(4.44, 7.60, 128.20)
(4.44, 7.60, 128.40)
(4.44, 7.60, 128.60)
(4.44, 7.60, 128.80)
(4.44, 7.60, 129.00)
(4.44, 7.50, 129.20)
(4.29, 6.95, 129.40)
(4.19, 6.05, 129.80)
(4.19, 5.40, 130.00)
(4.19, 4.65, 130.20)
(4.19, 4.65, 130.40)
(4.19, 4.65, 130.40)
(4.19, 4.65, 130.80)
(4.19, 4.65, 130.80)
(4.29, 5.00, 131.00)
(4.44, 5.85, 131.20)
(4.49, 6.30, 131.40)
(4.54, 6.60, 131.60)
(4.54, 6.75, 131.80)
(4.54, 6.75, 132.20)
(4.54, 6.75, 132.40)
(4.54, 6.75, 132.60)
(4.54, 6.80, 133.00)
(4.54, 6.80, 133.20)
(4.54, 6.80, 133.20)
(4.54, 6.80, 133.60)
(4.54, 6.80, 133.60)
(4.29, 6.65, 134.00)
(2.24, 5.10, 134.20)
(-1.46, 2.75, 134.40)
(-3.41, 1.85, 134.60)
(-3.82, 2.08, 134.80)
(-4.12, 2.46, 135.00)
(-4.22, 2.86, 135.20)
(-4.22, 3.81, 135.40)
(-3.97, 5.06, 135.60)
(-3.92, 5.46, 135.80)
(-3.87, 5.96, 136.20)
(-3.82, 6.11, 136.20)
(-3.82, 6.21, 136.40)
(-3.77, 6.26, 136.60)
(-3.77, 6.31, 136.80)
(-3.77, 6.36, 137.00)
(-3.77, 6.36, 137.20)
(-3.77, 6.36, 137.40)
(-3.77, 6.36, 137.60)
(-3.77, 6.36, 137.80)
(-3.77, 6.36, 138.00)
(-3.77, 6.36, 138.20)
(-3.77, 6.36, 138.20)
(-3.77, 6.36, 138.40)
(-3.77, 6.36, 138.60)
(-3.77, 6.36, 138.80)
(-3.77, 6.36, 138.80)
(-3.77, 6.36, 139.00)
(-3.77, 6.36, 139.20)
(-3.77, 6.36, 139.40)
(-3.77, 6.36, 139.40)
(-3.77, 6.36, 139.60)
(-3.77, 6.36, 139.80)
(-3.77, 6.36, 140.00)
(-3.77, 6.36, 140.20)
(-3.77, 6.36, 140.20)
(-3.77, 6.36, 140.60)
(-3.77, 6.36, 140.80)
(-3.77, 6.36, 140.80)
(-3.77, 6.36, 141.00)
(-3.77, 6.36, 141.20)
(-3.77, 6.36, 141.40)
(-3.77, 6.36, 141.60)
(-3.77, 6.36, 141.60)
(-3.77, 6.36, 141.80)
(-3.77, 6.36, 142.00)
(-3.77, 6.36, 142.40)
(-3.77, 6.36, 142.60)
(-3.77, 6.36, 142.80)
(-3.77, 6.31, 143.00)
(-3.52, 4.96, 143.20)
(-3.22, 4.01, 143.40)
(-2.02, 1.96, 143.60)
(-0.37, 0.31, 143.80)
(1.22, 0.45, 144.00)
(2.39, 0.91, 144.20)
(3.42, 1.65, 144.40)
(3.93, 2.21, 144.60)
(4.36, 2.86, 144.80)
(4.97, 4.71, 145.20)
(4.98, 5.75, 145.40)
(4.90, 6.29, 145.60)
(4.86, 6.47, 145.80)
(4.84, 6.56, 145.80)
(4.83, 6.61, 146.00)
(4.83, 6.61, 146.20)
(4.83, 6.61, 146.40)
(4.83, 6.61, 146.60)
(4.83, 6.61, 146.80)
(4.83, 6.61, 147.00)
(4.83, 6.61, 147.20)
(4.83, 6.61, 147.40)
(4.83, 6.61, 147.40)
(4.83, 6.61, 147.80)
(4.83, 6.61, 148.00)
(4.83, 6.61, 148.20)
(4.83, 6.61, 148.40)
(4.83, 6.61, 148.40)
(4.83, 6.61, 148.60)
(4.83, 6.61, 149.00)
(4.83, 6.61, 149.20)
(4.83, 6.61, 149.40)
(4.83, 6.61, 149.60)
(4.83, 6.61, 149.60)
(4.83, 6.61, 149.80)
(4.83, 6.61, 150.00)
(4.83, 6.61, 150.20)
(4.83, 6.61, 150.40)
(4.83, 6.61, 150.60)
(4.83, 6.61, 150.80)
(4.83, 6.61, 151.00)
(4.83, 6.61, 151.20)
(4.83, 6.61, 151.20)
(4.83, 6.61, 151.40)
(4.83, 6.61, 151.60)
(4.83, 6.61, 152.00)
(4.78, 6.36, 152.20)
(4.23, 4.86, 152.40)
(2.08, 1.76, 152.60)
(0.28, 0.96, 153.00)
(-1.72, 1.21, 153.40)
(-2.67, 1.51, 153.60)
(-3.52, 1.86, 153.60)
(-4.30, 2.75, 153.80)
(-4.79, 3.86, 154.00)
(-4.99, 4.92, 154.20)
(-4.96, 5.91, 154.40)
(-4.86, 6.47, 154.60)
(-4.67, 7.09, 154.80)
(-4.48, 7.52, 155.00)
(-4.41, 7.66, 155.20)
(-4.31, 7.76, 155.40)
(-4.31, 7.81, 155.60)
(-4.31, 7.81, 155.60)
(-4.31, 7.81, 155.80)
(-4.31, 7.81, 156.00)
(-4.31, 7.81, 156.40)
(-4.31, 7.81, 156.40)
(-4.31, 7.81, 156.60)
(-4.31, 7.81, 156.80)
(-4.31, 7.81, 157.00)
(-4.31, 7.81, 157.20)
(-4.31, 7.81, 157.40)
(-4.31, 7.81, 157.60)
(-4.31, 7.81, 157.80)
(-4.31, 7.81, 158.20)
(-4.31, 7.81, 158.40)
(-4.31, 7.81, 158.60)
(-4.31, 7.81, 158.60)
(-4.31, 7.81, 159.00)
(-4.31, 7.81, 159.00)
(-4.31, 7.81, 159.20)
(-4.31, 7.81, 159.40)
(-4.31, 7.81, 159.60)
(-4.31, 7.81, 159.80)
(-4.26, 7.76, 160.20)
(-4.26, 7.71, 160.20)
(-4.16, 7.61, 160.40)
(-4.01, 7.31, 160.80)
(-4.01, 7.31, 161.00)
(-4.01, 7.31, 161.20)
(-4.01, 7.31, 161.40)
(-4.01, 7.31, 161.40)
(-4.01, 7.31, 161.60)
(-4.01, 7.31, 161.80)
(-4.01, 7.31, 162.20)
(-4.01, 7.31, 162.20)
(-3.96, 7.21, 162.40)
(-3.91, 7.01, 162.60)
(-2.56, 4.96, 163.00)
(2.34, 1.16, 163.20)
(3.40, 1.63, 163.60)
(4.12, 2.47, 163.60)
(4.39, 2.90, 163.80)
(4.58, 3.30, 164.20)
(4.61, 3.36, 164.20)
(4.63, 3.57, 164.60)
(4.68, 3.72, 164.60)
(4.68, 3.87, 164.80)
(4.68, 4.07, 165.00)
(4.68, 4.22, 165.20)
(4.68, 4.32, 165.40)
(4.63, 4.62, 165.60)
(4.58, 4.97, 165.80)
(4.53, 5.27, 166.00)
(4.48, 5.97, 166.20)
(4.43, 7.12, 166.40)
(4.01, 8.29, 166.40)
(3.35, 9.01, 166.80)
(2.70, 9.51, 167.00)
(2.42, 9.68, 167.00)
(2.32, 9.73, 167.20)
(2.30, 9.74, 167.40)
(2.30, 9.74, 167.60)
(2.30, 9.74, 167.60)
(2.30, 9.74, 167.80)
(2.30, 9.74, 168.00)
(2.30, 9.74, 168.40)
(2.30, 9.74, 168.40)
(2.30, 9.74, 168.60)
(2.30, 9.74, 168.80)
(2.30, 9.74, 169.00)
(2.30, 9.74, 169.20)
(2.30, 9.74, 169.60)
(2.30, 9.74, 169.80)
(2.30, 9.74, 170.00)
(2.30, 9.74, 170.20)
(2.30, 9.74, 170.20)
(2.20, 9.54, 170.40)
(1.90, 8.79, 170.60)
(0.90, 6.59, 170.80)
(-0.50, 4.39, 171.00)
(-1.40, 3.34, 171.20)
(-2.65, 2.44, 171.20)
(-2.85, 2.39, 171.40)
(-3.00, 2.34, 171.60)
(-3.00, 2.34, 171.80)
(-2.95, 2.99, 172.20)
(-2.80, 3.94, 172.40)
(-2.65, 4.59, 172.60)
(-2.60, 5.14, 172.80)
(-2.50, 5.74, 173.20)
(-2.40, 6.19, 173.40)
(-2.40, 6.44, 173.60)
(-2.40, 6.59, 173.80)
(-2.40, 6.69, 174.20)
(-2.40, 6.74, 174.40)
(-2.40, 6.79, 174.60)
(-2.35, 6.89, 175.00)
(-2.35, 6.89, 175.20)
(-2.35, 6.89, 175.40)
(-2.35, 6.89, 175.60)
(-2.35, 6.89, 175.80)
(-2.35, 6.89, 176.00)
(-2.35, 6.89, 176.20)
(-2.35, 6.89, 176.40)
(-2.35, 6.89, 176.40)
(-2.35, 6.89, 176.60)
(-2.35, 6.89, 176.80)
(-2.35, 6.89, 177.00)
(-2.35, 6.89, 177.20)
(-2.35, 6.89, 177.40)
(-2.35, 6.99, 177.60)
(-2.35, 7.19, 177.60)
(-2.35, 7.24, 177.80)
(-2.35, 7.54, 178.00)
(-2.40, 7.69, 178.40)
(-2.40, 7.84, 178.40)
(-2.40, 7.99, 178.80)
(-2.45, 8.09, 179.00)
(-2.50, 8.14, 179.20)
(-2.50, 8.19, 179.40)
(-2.50, 8.19, 179.40)
(-2.55, 8.34, 179.60)
(-2.55, 8.44, 179.80)
(-2.60, 8.59, 180.20)
(-2.60, 8.64, 180.20)
(-2.60, 8.64, 180.40)
(-2.65, 8.69, 180.40)
(-2.65, 8.74, 180.80)
(-2.65, 8.79, 180.80)
(-2.65, 8.79, 181.20)
(-2.70, 8.99, 181.20)
(-2.70, 9.04, 181.40)
(-2.75, 9.19, 181.60)
(-2.75, 9.29, 181.80)
(-2.75, 9.39, 182.20)
(-2.72, 9.49, 182.40)
(-2.68, 9.52, 182.40)
(-2.69, 9.51, 182.60)
(-2.60, 9.57, 182.80)
(-2.56, 9.60, 183.00)
(-2.51, 9.62, 183.20)
(-2.43, 9.67, 183.40)
(-2.39, 9.69, 183.60)
(-2.33, 9.73, 183.80)
(-2.27, 9.76, 184.00)
(-2.21, 9.79, 184.40)
(-2.13, 9.82, 184.40)
(-2.03, 9.87, 184.60)
(-1.88, 9.93, 184.80)
(-1.67, 10.01, 185.00)
(-1.46, 10.08, 185.20)
(-1.34, 10.12, 185.40)
(-1.07, 10.18, 185.60)
(-0.96, 10.21, 185.80)
(-0.75, 10.24, 186.00)
(-0.69, 10.25, 186.00)
(-0.58, 10.27, 186.40)
(-0.53, 10.27, 186.40)
(-0.48, 10.27, 186.60)
(-0.48, 10.28, 186.80)
(-0.48, 10.28, 187.20)
(-0.48, 10.28, 187.20)
(-0.38, 9.78, 187.80)
(-0.23, 9.23, 187.80)
(-0.08, 8.23, 188.00)
(0.17, 6.73, 188.20)
(0.22, 5.63, 188.40)
(0.22, 5.28, 188.60)
(0.02, 4.33, 188.80)
(-0.23, 3.93, 189.00)
(-0.28, 3.88, 189.20)
(-0.28, 3.88, 189.40)
(-0.28, 3.88, 189.40)
(-0.28, 3.88, 189.60)
(-0.28, 3.88, 189.80)
(-0.38, 4.48, 190.00)
(-0.43, 5.03, 190.20)
(-0.48, 5.53, 190.40)
(-0.53, 6.13, 190.40)
(-0.53, 6.33, 190.60)
(-0.48, 6.98, 191.00)
(-0.38, 7.43, 191.00)
(-0.28, 8.18, 191.20)
(-0.13, 8.58, 191.40)
(-0.03, 8.78, 191.60)
(0.02, 8.78, 191.80)
(0.02, 8.78, 192.00)
(0.22, 7.98, 192.40)
(0.42, 6.98, 192.40)
(0.82, 5.68, 192.60)
(1.47, 4.43, 192.80)
(2.12, 3.88, 193.20)
(2.32, 3.83, 193.20)
(2.42, 3.83, 193.40)
(2.62, 4.03, 193.60)
(2.92, 4.53, 194.00)
(3.42, 5.43, 194.20)
(3.87, 6.18, 194.40)
(4.12, 6.68, 194.60)
(4.41, 7.66, 194.80)
(4.29, 7.87, 195.00)
(4.10, 8.16, 195.20)
(4.05, 8.23, 195.40)
(4.05, 8.23, 195.60)
(4.05, 8.23, 195.80)
(4.05, 8.23, 196.20)
(4.00, 7.98, 196.40)
(3.65, 7.23, 196.40)
(3.50, 6.88, 196.60)
(2.50, 5.33, 196.80)
(1.60, 4.48, 197.20)
(0.75, 4.03, 197.20)
(-0.35, 3.83, 197.40)
(-1.00, 3.93, 197.60)
(-1.30, 4.18, 197.80)
(-1.50, 4.63, 198.00)
(-1.85, 5.53, 198.20)
(-2.15, 6.98, 198.40)
(-2.25, 7.68, 198.60)
(-2.30, 8.28, 198.80)
(-2.30, 8.88, 199.00)
(-2.30, 9.33, 199.20)
(-2.25, 9.73, 199.20)
(-2.16, 9.81, 199.40)
(-1.97, 9.90, 199.60)
(-1.91, 9.92, 199.80)
(-1.91, 9.92, 200.20)
(-1.91, 9.92, 200.40)
(-1.71, 9.57, 200.60)
(-1.16, 8.62, 200.60)
(-0.46, 7.47, 200.80)
(0.44, 6.12, 201.00)
(1.34, 5.22, 201.20)
(1.99, 4.77, 201.40)
(2.64, 4.52, 201.60)
(2.79, 4.52, 201.80)
(3.14, 4.57, 202.00)
(3.29, 4.77, 202.00)
(3.79, 5.67, 202.40)
(4.14, 6.57, 202.40)
(4.14, 6.67, 202.60)
(4.35, 7.76, 203.00)
(4.12, 8.13, 203.20)
(3.93, 8.39, 203.20)
(3.84, 8.51, 203.40)
(3.60, 8.77, 203.60)
(3.47, 8.90, 203.80)
(3.40, 8.97, 204.00)
(3.40, 8.97, 204.40)
(3.40, 8.97, 204.60)
(3.40, 8.97, 204.60)
(3.40, 8.97, 204.80)
(2.85, 8.37, 205.00)
(2.15, 7.47, 205.20)
(1.65, 6.77, 205.40)
(-0.25, 4.77, 205.60)
(-1.55, 3.57, 205.80)
(-2.35, 2.97, 206.00)
(-3.99, 2.28, 206.20)
(-4.23, 2.64, 206.40)
(-4.47, 3.05, 206.60)
(-4.90, 4.32, 206.80)
(-4.91, 6.23, 207.20)
(-4.61, 7.23, 207.40)
(-4.28, 7.88, 207.80)
(-4.09, 8.18, 208.00)
(-3.84, 8.51, 208.20)
(-3.48, 8.89, 208.40)
(-3.13, 9.20, 208.60)
(-2.95, 9.34, 208.80)
(-2.76, 9.47, 209.00)
(-2.46, 9.65, 209.20)
(-2.34, 9.72, 209.40)
(-2.20, 9.79, 209.40)
(-2.05, 9.86, 209.60)
(-1.94, 9.91, 209.80)
(-1.85, 9.95, 210.20)
(-1.82, 9.96, 210.20)
(-1.74, 9.99, 210.40)
(-1.71, 10.00, 210.80)
(-1.69, 10.01, 211.00)
(-1.62, 10.03, 211.20)
(-1.59, 10.04, 211.40)
(-1.57, 10.05, 211.60)
(-1.46, 10.08, 212.00)
(-1.36, 10.11, 212.20)
(-1.29, 10.13, 212.40)
(-1.29, 10.13, 212.60)
(-1.29, 10.13, 213.00)
(-1.29, 10.13, 213.20)
(-1.24, 10.13, 213.60)
(-1.24, 10.13, 214.20)
(-1.09, 10.08, 214.40)
(-0.74, 9.63, 214.60)
(-0.19, 8.78, 214.80)
(0.71, 6.83, 215.00)
(1.26, 5.38, 215.20)
(1.96, 3.68, 215.40)
(2.91, 1.63, 215.60)
(2.88, 1.21, 215.60)
(2.81, 1.16, 215.80)
(2.96, 1.27, 216.00)
(3.36, 1.59, 216.20)
(3.93, 2.21, 216.60)
(4.79, 3.88, 217.00)
(5.00, 5.21, 217.20)
(4.94, 6.09, 217.40)
(4.69, 7.03, 218.20)
(4.52, 7.45, 218.40)
(4.42, 7.64, 218.60)
(4.31, 7.83, 219.00)
(4.25, 7.94, 219.20)
(4.12, 8.14, 219.40)
(4.07, 8.20, 219.80)
(4.01, 8.29, 220.00)
(3.94, 8.38, 220.20)
(3.68, 8.68, 220.60)
(3.41, 8.96, 220.80)
(3.05, 9.26, 221.00)
(2.76, 9.47, 221.20)
(2.58, 9.58, 221.40)
(2.25, 9.77, 221.60)
(1.99, 9.89, 222.00)
(1.81, 9.96, 222.20)
(1.71, 10.00, 222.20)
(1.55, 10.06, 222.40)
(1.29, 10.13, 222.80)
(1.09, 10.13, 223.00)
(0.74, 10.18, 223.20)
(0.19, 10.13, 223.40)
(-0.31, 10.03, 223.60)
(-1.76, 9.58, 223.80)
(-3.95, 8.37, 224.00)
(-4.60, 7.25, 224.20)
(-4.96, 5.90, 224.40)
(-4.94, 4.53, 224.60)
(-4.81, 3.93, 224.80)
(-4.72, 3.66, 225.20)
(-4.72, 3.65, 225.40)
(-4.85, 4.09, 225.60)
(-4.97, 4.73, 225.80)
(-5.00, 5.20, 226.00)
(-4.91, 6.24, 226.40)
(-4.56, 7.35, 226.60)
(-4.13, 8.11, 226.80)
(-3.67, 8.69, 227.00)
(-3.19, 9.15, 227.40)
(-2.97, 9.32, 227.60)
(-2.77, 9.46, 228.00)
(-2.68, 9.52, 228.00)
(-2.63, 9.55, 228.20)
(-2.48, 9.64, 228.40)
(-2.44, 9.66, 228.60)
(-2.36, 9.71, 228.80)
(-2.32, 9.73, 229.00)
(-2.26, 9.76, 229.20)
(-2.24, 9.77, 229.40)
(-2.24, 9.77, 229.60)
(-2.24, 9.77, 229.80)
(-2.24, 9.77, 230.00)
(-2.14, 9.82, 230.20)
(-2.08, 9.85, 230.40)
(-2.00, 9.88, 230.60)
(-1.88, 9.93, 230.80)
(-1.72, 9.99, 231.00)
(-1.62, 10.03, 231.40)
(-1.56, 10.05, 231.60)
(-1.41, 10.00, 231.80)
(-1.06, 9.75, 232.00)
(-0.21, 8.75, 232.20)
(0.04, 8.35, 232.40)
(1.04, 6.80, 232.60)
(1.99, 5.15, 233.00)
(2.59, 4.35, 233.20)
(2.94, 4.00, 233.60)
(2.99, 4.00, 233.80)
(2.99, 4.00, 234.00)
(2.99, 4.00, 234.20)
(2.99, 4.00, 234.40)
(2.99, 4.00, 234.60)
(3.04, 3.95, 234.80)
(3.09, 3.90, 235.20)
(3.09, 3.90, 235.20)
(3.09, 3.90, 235.60)
(3.09, 3.90, 235.80)
(3.09, 3.90, 236.00)
(3.09, 3.90, 236.20)
(3.09, 3.90, 236.40)
(3.09, 3.90, 236.60)
(3.09, 3.90, 236.80)
(3.09, 3.90, 237.00)
(3.09, 3.90, 237.20)
(3.09, 3.90, 237.40)
(3.09, 3.90, 237.60)
(3.09, 3.90, 237.80)
(3.09, 3.90, 237.80)
(3.09, 3.90, 238.20)
(3.09, 3.90, 238.40)
(3.09, 3.90, 238.60)
(3.09, 3.90, 238.80)
(3.14, 3.95, 239.00)
(3.39, 4.20, 239.20)
(3.54, 4.40, 239.40)
(4.09, 5.25, 239.80)
(4.49, 5.70, 240.00)
(4.74, 6.10, 240.20)
(4.89, 6.30, 240.20)
(4.84, 6.55, 240.60)
(4.78, 6.75, 240.60)
(4.75, 6.87, 240.80)
(4.72, 6.96, 241.00)
(4.72, 6.96, 241.20)
(4.47, 6.56, 241.60)
(3.57, 5.11, 241.80)
(2.42, 3.11, 242.20)
(1.42, 1.56, 242.20)
(0.62, 0.56, 242.40)
(-1.12, 0.43, 242.80)
(-1.46, 0.52, 243.00)
(-1.86, 0.72, 243.20)
(-1.96, 1.72, 243.60)
(-1.96, 3.72, 243.80)
(-1.96, 5.27, 244.00)
(-1.96, 7.07, 244.40)
(-1.76, 7.87, 244.60)
(-1.66, 8.12, 244.80)
(-1.61, 8.22, 245.00)
(-1.61, 8.22, 245.40)
(-1.61, 8.22, 245.40)
(-1.61, 8.22, 245.60)
(-1.61, 8.22, 245.80)
(-1.61, 8.22, 246.20)
(-1.61, 8.22, 246.40)
(-1.61, 8.22, 246.60)
(-1.61, 8.22, 246.80)
(-1.61, 8.22, 246.80)
(-1.61, 8.22, 247.00)
(-1.61, 8.22, 247.20)
(-1.61, 8.22, 247.40)
(-1.61, 8.22, 247.60)
(-1.61, 8.22, 248.00)
(-1.61, 8.22, 248.00)
(-1.61, 8.22, 248.20)
(-1.61, 8.22, 248.40)
(-1.61, 8.22, 248.60)
(-1.61, 8.22, 249.00)
(-1.61, 8.22, 249.20)
(-1.61, 7.77, 249.40)
(-1.46, 6.62, 249.60)
(-0.71, 3.92, 249.80)
(1.50, 0.53, 250.40)
(2.94, 1.26, 250.60)
(3.68, 1.91, 250.80)
(4.70, 3.61, 251.20)
(4.98, 5.72, 251.40)
(4.09, 8.18, 251.60)
(3.02, 9.28, 251.80)
(1.64, 10.02, 252.00)
(0.88, 10.22, 252.20)
(0.55, 10.27, 252.60)
(0.45, 10.28, 252.80)
(0.45, 10.28, 253.00)
(0.40, 10.28, 253.40)
(0.40, 10.28, 253.40)
(0.40, 10.28, 253.60)
(0.40, 10.28, 253.80)
(0.40, 10.28, 254.00)
(0.40, 10.28, 254.20)
(0.35, 10.18, 254.40)
(0.30, 10.13, 254.60)
(0.25, 10.08, 255.00)
(0.25, 10.03, 255.20)
(0.25, 10.03, 255.20)
(0.25, 10.03, 255.40)
(0.25, 10.03, 255.60)
(0.25, 10.03, 255.80)
(0.25, 10.03, 256.20)
(0.25, 10.03, 256.40)
(0.25, 10.03, 256.60)
(0.25, 10.03, 256.80)
(0.25, 10.03, 257.00)
(0.25, 10.03, 257.20)
(0.25, 10.03, 257.40)
(0.25, 10.03, 257.60)
(0.25, 10.03, 257.60)
(0.25, 10.03, 257.80)
(0.25, 10.03, 258.00)
(0.20, 9.88, 258.20)
(-0.10, 8.98, 258.40)
(-0.50, 7.83, 258.60)
(-1.25, 6.03, 258.80)
(-3.53, 1.76, 259.20)
(-3.39, 1.63, 259.40)
(-3.51, 1.74, 259.60)
(-3.73, 1.97, 260.00)
(-3.75, 1.99, 260.00)
(-3.75, 1.99, 260.20)
(-3.85, 2.84, 260.60)
(-4.00, 5.39, 260.80)
(-4.35, 7.49, 261.00)
(-3.52, 8.85, 261.40)
(-3.33, 9.03, 261.40)
(-3.11, 9.22, 261.60)
(-2.97, 9.32, 261.80)
(-2.84, 9.42, 262.00)
(-2.68, 9.52, 262.20)
(-2.65, 9.54, 262.40)
(-2.61, 9.57, 262.60)
(-2.54, 9.61, 262.80)
(-2.52, 9.62, 263.20)
(-2.52, 9.62, 263.40)
(-2.52, 9.62, 263.60)
(-2.52, 9.62, 263.80)
(-2.52, 9.62, 264.00)
(-2.46, 9.65, 264.20)
(-2.44, 9.67, 264.40)
(-2.44, 9.67, 264.60)
(-2.44, 9.67, 264.80)
(-2.44, 9.67, 265.00)
(-2.44, 9.67, 265.20)
(-2.44, 9.67, 265.40)
(-2.44, 9.67, 265.60)
(-2.44, 9.67, 265.80)
(-2.44, 9.67, 266.00)
(-2.44, 9.67, 266.20)
(-2.41, 9.68, 266.40)
(-2.30, 9.74, 266.60)
(-2.12, 9.83, 266.80)
(-1.77, 9.98, 267.00)
(-1.31, 10.12, 267.20)
(-1.06, 10.19, 267.40)
(-0.71, 10.19, 267.60)
(-0.51, 10.19, 268.00)
(-0.51, 10.19, 268.20)
(-0.51, 10.19, 268.40)
(-0.51, 10.19, 268.60)
(-0.51, 10.19, 268.60)
(-0.31, 9.84, 269.00)
(-0.21, 9.44, 269.20)
(-0.11, 8.99, 269.40)
(-0.11, 8.69, 269.60)
(-0.06, 8.44, 269.80)
(-0.01, 8.09, 270.00)
(0.04, 7.79, 270.20)
(0.14, 7.34, 270.40)
(0.19, 6.89, 270.60)
(0.24, 6.74, 270.80)
(0.29, 6.49, 270.80)
(0.34, 6.24, 271.00)
(0.39, 5.99, 271.20)
(0.44, 5.79, 271.40)
(0.49, 5.59, 271.60)
(0.54, 5.24, 271.80)
(0.59, 5.04, 272.00)
(0.64, 4.84, 272.20)
(0.74, 4.64, 272.40)
(0.79, 4.49, 272.80)
(0.79, 4.44, 272.80)
(0.94, 4.09, 273.20)
(1.04, 3.89, 273.40)
(1.14, 3.69, 273.80)
(1.24, 3.49, 273.80)
(1.54, 3.24, 274.20)
(1.84, 3.14, 274.40)
(2.09, 3.14, 274.60)
(2.54, 3.24, 275.00)
(2.99, 3.59, 275.20)
(3.64, 4.29, 275.40)
(4.04, 4.74, 275.60)
(4.39, 5.49, 275.80)
(4.64, 6.54, 275.80)
(4.14, 7.54, 276.40)
(3.44, 7.89, 276.60)
(3.04, 7.89, 276.80)
(2.69, 7.69, 277.00)
(2.39, 7.34, 277.20)
(1.79, 6.44, 277.40)
(1.34, 5.59, 277.60)
(-0.26, 3.24, 278.00)
(-1.81, 1.64, 278.20)
(-2.88, 1.22, 278.20)
(-3.28, 1.53, 278.40)
(-3.79, 2.03, 278.60)
(-4.21, 2.60, 278.80)
(-4.53, 3.19, 279.00)
(-4.75, 3.74, 279.20)
(-4.91, 4.35, 279.40)
(-4.97, 4.73, 279.60)
(-4.98, 5.76, 279.80)
(-4.90, 6.31, 280.00)
(-4.72, 6.94, 280.20)
(-4.54, 7.40, 280.40)
(-4.33, 7.80, 280.60)
(-4.18, 8.05, 280.80)
(-4.00, 8.30, 281.00)
(-3.83, 8.51, 281.20)
(-3.76, 8.59, 281.40)
(-3.57, 8.80, 281.60)
(-3.42, 8.95, 281.80)
(-3.20, 9.14, 282.00)
(-2.95, 9.34, 282.20)
(-2.80, 9.44, 282.40)
(-2.54, 9.61, 282.60)
(-2.50, 9.63, 282.80)
(-2.40, 9.69, 283.00)
(-2.32, 9.73, 283.20)
(-2.14, 9.82, 283.40)
(-1.98, 9.89, 283.60)
(-1.86, 9.94, 283.80)
(-1.79, 9.97, 284.00)
(-1.67, 10.01, 284.20)
(-1.56, 10.05, 284.40)
(-1.55, 10.05, 284.60)
(-1.50, 10.05, 284.80)
(-1.44, 10.09, 285.00)
(-1.44, 10.09, 285.20)
(-1.24, 9.79, 285.60)
(-0.74, 8.79, 286.00)
(-0.44, 7.94, 286.00)
(0.01, 6.74, 286.20)
(0.36, 5.74, 286.40)
(0.56, 5.19, 286.60)
(1.21, 3.39, 286.80)
(1.56, 2.64, 287.00)
(2.11, 1.74, 287.20)
(2.66, 1.09, 287.40)
(2.78, 1.15, 287.60)
(2.92, 1.24, 287.60)
(3.07, 1.36, 287.80)
(3.23, 1.48, 288.00)
(3.50, 1.73, 288.20)
(3.69, 1.92, 288.40)
(4.16, 2.52, 288.60)
(4.56, 3.26, 288.80)
(4.86, 4.12, 289.20)
(4.96, 4.66, 289.20)
(4.96, 5.93, 289.60)
(4.87, 6.45, 289.80)
(4.69, 7.04, 290.00)
(4.51, 7.46, 290.20)
(4.25, 7.93, 290.40)
(4.00, 8.31, 290.60)
(3.85, 8.49, 290.80)
(3.75, 8.61, 291.00)
(3.67, 8.69, 291.20)
(3.57, 8.80, 291.40)
(3.48, 8.89, 291.60)
(3.40, 8.96, 291.80)
(3.38, 8.98, 292.00)
(3.36, 9.01, 292.00)
(3.26, 9.09, 292.20)
(3.18, 9.15, 292.40)
(3.14, 9.19, 292.60)
(3.11, 9.21, 292.80)
(3.11, 9.21, 293.00)
(3.11, 9.21, 293.40)
(3.11, 9.21, 293.40)
(3.11, 9.21, 293.60)
(2.91, 8.91, 293.80)
(2.61, 8.51, 294.00)
(2.21, 8.06, 294.20)
(1.56, 7.31, 294.40)
(1.26, 6.81, 294.60)
(0.41, 5.61, 294.80)
(-0.04, 4.96, 295.00)
(-0.64, 4.06, 295.20)
(-1.04, 3.56, 295.60)
(-1.14, 3.41, 295.80)
(-1.19, 3.31, 295.80)
(-1.39, 3.01, 296.20)
(-1.69, 2.76, 296.60)
(-1.99, 2.61, 296.80)
(-2.19, 2.56, 297.00)
(-2.74, 2.56, 297.20)
(-3.34, 2.86, 297.40)
(-4.34, 3.61, 297.60)
(-4.95, 4.58, 297.80)
(-5.00, 5.46, 298.00)
(-4.86, 6.47, 298.20)
(-4.74, 6.89, 298.40)
(-4.47, 7.54, 298.80)
(-4.33, 7.80, 299.00)
(-4.23, 7.96, 299.00)
(-4.07, 8.20, 299.20)
(-3.96, 8.35, 299.40)
(-3.82, 8.52, 299.80)
(-3.65, 8.71, 300.00)
(-3.51, 8.86, 300.20)
(-3.40, 8.96, 300.20)
(-3.25, 9.10, 300.40)
(-3.19, 9.15, 300.60)
(-3.09, 9.20, 300.80)
(-3.04, 9.25, 301.00)
(-2.94, 9.25, 301.20)
(-2.84, 9.30, 301.40)
(-2.79, 9.30, 301.80)
(-2.59, 9.25, 301.80)
(-2.29, 9.05, 302.20)
(-1.89, 8.80, 302.40)
(-1.44, 8.45, 302.60)
(-1.04, 8.15, 302.80)
(-0.54, 7.65, 303.20)
(-0.34, 7.35, 303.20)
(0.36, 6.35, 303.60)
(0.56, 6.05, 303.80)
(1.06, 5.30, 304.00)
(1.16, 5.15, 304.00)
(1.46, 4.70, 304.20)
(1.81, 4.35, 304.60)
(2.21, 4.10, 304.80)
(2.36, 4.00, 305.00)
(2.86, 4.15, 305.20)
(3.26, 4.55, 305.40)
(3.96, 5.40, 305.80)
(4.41, 6.00, 305.80)
(4.80, 6.69, 306.20)
(4.74, 6.88, 306.40)
(4.73, 6.91, 306.60)
(4.73, 6.91, 306.60)
(4.72, 6.96, 306.80)
(4.72, 6.96, 307.00)
(4.72, 6.96, 307.20)
(4.72, 6.96, 307.40)
(4.72, 6.96, 307.60)
(4.70, 7.00, 307.80)
(4.70, 7.00, 308.00)
(4.70, 7.00, 308.40)
(4.70, 7.00, 308.40)
(4.70, 7.00, 308.60)
(4.70, 7.00, 308.80)
(4.70, 7.00, 309.00)
(4.70, 7.00, 309.20)
(4.70, 7.00, 309.40)
(4.70, 7.00, 309.60)
(4.65, 6.95, 309.60)
(4.65, 6.95, 309.80)
(4.65, 6.95, 310.00)
(4.60, 6.95, 310.20)
(4.55, 6.90, 310.40)
(4.40, 6.85, 310.60)
(4.35, 6.80, 310.80)
(4.15, 6.70, 311.00)
(4.10, 6.65, 311.20)
(3.95, 6.60, 311.40)
(3.95, 6.55, 311.60)
(3.90, 6.55, 311.80)
(3.85, 6.50, 312.00)
(3.85, 6.50, 312.20)
(3.80, 6.50, 312.40)
(3.80, 6.50, 312.60)
(3.80, 6.50, 312.80)
(3.80, 6.50, 313.00)
(3.80, 6.50, 313.20)
(3.80, 6.50, 313.20)
(3.80, 6.50, 313.40)
(3.80, 6.50, 313.80)
